 1.00000000e-09  9.98502247e-04 
 2.00000000e-09  1.99550898e-03 
 4.00000000e-09  3.98653592e-03 
 8.00000000e-09  7.95072414e-03 
 1.60000000e-08  1.58081708e-02 
 3.20000000e-08  3.12435501e-02 
 6.40000000e-08  6.10290087e-02 
 1.28000000e-07  1.16507267e-01 
 2.56000000e-07  2.12885556e-01 
 4.56000000e-07  3.31263237e-01 
 6.56000000e-07  4.18759784e-01 
 8.56000000e-07  4.83431145e-01 
 1.05600000e-06  5.31231716e-01 
 1.25600000e-06  5.66562572e-01 
 1.45600000e-06  5.92676684e-01 
 1.65600000e-06  6.11978419e-01 
 1.85600000e-06  6.26244918e-01 
 2.05600000e-06  6.36789722e-01 
 2.25600000e-06  6.44583708e-01 
 2.45600000e-06  6.50344480e-01 
 2.65600000e-06  6.54602441e-01 
 2.85600000e-06  6.57749631e-01 
 3.05600000e-06  6.60075814e-01 
 3.25600000e-06  6.61795167e-01 
 3.45600000e-06  6.63065993e-01 
 3.65600000e-06  6.64005299e-01 
 3.85600000e-06  6.64699569e-01 
 4.05600000e-06  6.65212725e-01 
 4.25600000e-06  6.65592014e-01 
 4.45600000e-06  6.65872358e-01 
 4.65600000e-06  6.66079569e-01 
 4.85600000e-06  6.66232725e-01 
 5.05600000e-06  6.66345927e-01 
 5.25600000e-06  6.66429598e-01 
 5.45600000e-06  6.66491442e-01 
 5.65600000e-06  6.66537153e-01 
 5.85600000e-06  6.66570939e-01 
 6.05600000e-06  6.66595912e-01 
 6.25600000e-06  6.66614369e-01 
 6.45600000e-06  6.66628012e-01 
 6.65600000e-06  6.66638096e-01 
 6.85600000e-06  6.66645549e-01 
 7.05600000e-06  6.66651058e-01 
 7.25600000e-06  6.66655130e-01 
 7.45600000e-06  6.66658139e-01 
 7.65600000e-06  6.66660364e-01 
 7.85600000e-06  6.66662008e-01 
 8.05600000e-06  6.66663223e-01 
 8.25600000e-06  6.66664122e-01 
 8.45600000e-06  6.66664786e-01 
 8.65600000e-06  6.66665276e-01 
 8.85600000e-06  6.66665639e-01 
 9.05600000e-06  6.66665907e-01 
 9.25600000e-06  6.66666105e-01 
 9.45600000e-06  6.66666252e-01 
 9.65600000e-06  6.66666360e-01 
 9.85600000e-06  6.66666440e-01 
 1.00000000e-05  6.66666484e-01 
